19976
10102
16432
10324
10021
16665
18249
11867
9360
19918
7386
18464
15567
8558
16994
15367
9868
10697
6812
8662
11107
14773
12081
19393
5579
10959
16430
17761
5496
7516
17761
6892
3265
8271
11781
7156
4921
19781
10119
18556
6840
15686
6884
12400
8934
18086
13235
18914
15145
3698
11534
16070
12867
4814
11927
18519
14879
9534
16556
13215
5145
14097
17815
12191
13382
7294
11721
18863
7673
3818
10257
4798
10043
9458
16287
18265
9797
18328
14078
4369
15024
4196
16301
16160
9624
7679
7801
18492
5375
11243
5802
12139
5999
19785
11079
5909
3209
3224
6224
3016
17481
8073
3294
4685
15429
9604
17608
11912
16705
9019
15353
8873
12166
12009
17616
15450
17909
15763
14564
5930
5037
9653
19495
3940
12664
4161
5172
14091
7553
15146
4302
11064
13512
16819
16774
9174
9772
4449
19141
17993
15624
8032
11336
17953
14857
17250
10950
3447
11743
11144
3241
8317
10108
9128
12481
12779
4392
14978
9362
4087
19375
8698
7707
15608
10501
10551
11173
15691
6159
16104
11681
17369
11558
3785
19861
19748
3978
7137
10582
18436
19037
9698
4293
16035
8787
19617
3217
6869
12815
18574
19928
10735
11271
16349
18321
19444
12328
17511
7067
5048
8085
6888
11537
19695
15032
12105
5138
5124
16724
12653
9753
8303
15578
19266
18630
5612
12335
11507
6299
5159
17306
8086
15190
3198
10587
6193
8720
13199
9100
9840
15436
14608
8268
7355
14262
3699
16236
4116
19809
14695
13825
5927
6196
17966
17593
4677
11526
9487
7493
15820
18243
11433
13505
13826
6007
12513
9798
14711
9250
4619
10466
19443
4660
10210
4550
13796
15848
3124
9477
11670
3105
12896
10832
11126
15447
9452
12003
10742
6633
13558
17155
4809
7334
14629
19765
6468
16285
17637
19820
7562
11247
8816
7298
4080
5418
7383
4669
5721
18374
18779
14709
16765
10546
6132
9675
7337
19197
6775
19832
5635
12614
12906
14847
11383
12113
17755
11391
12534
7629
19425
3789
19094
15606
13771
8901
19943
9912
3062
15797
6302
11857
16153
14923
19501
11070
8551
8313
13121
13801
3076
3649
19109
18123
12406
7359
13227
16731
18945
5113
15369
9766
9168
10612
14195
3927
17340
9580
14968
7597
15878
5231
16795
5358
14897
12297